1250
3758
4628
4631
4657
4765
4772
4773
4836
4844
4850
7387
7472
7473
7589
7595
7610
7634
7658
7700
9226
9234
9247
9255
9292
9419
9450
9484
9506
9649
9656
9719
9731
9748
9789
9798
9827
9874
9877
9890
9892
9911
9934
9989
10024
10031
10074
10076
10086
10091
10102
10109
10117
10120
10122
10140
10146
10149
10219
10230
17493
17547
17548
17549
17558
17560
17617
17645
17733
17743
17761
17819
17831
17882
17886
17919
17926
17927
18019
18106
18113
18172
18219
18224
18228
18377
18402
23649
23653
23703
23711
23728
23767
23855
23856
23864
23896
23920
23936
23939
23979
23986
23987
24024
24030
24038
24064
24075
24096
24114
24115
24247
24312
24319
24320
24331
24467
24482
24493
24496
24546
24552
24559
37989
38001
38028
38051
38137
38181
38213
38218
38230
38258
38273
38316
38321
38325
38386
38454
38481
38489
38532
38545
38621
38798
38801
38805
38816
38818
38860
38861
38862
38865
38869
45133
45139
45143
45159
45166
45204
45227
45237
45241
45244
45342
45414
45445
45452
45470
45477
45501
45505
45509
45634
45736
45755
45794
45795
45802
45817
45919
45934
45938
45941
46066
46078
51356
55332
55336
55342
55348
55408
55415
55418
55421
55426
55430
55464
55487
55497
55504
55518
55546
55553
55562
55755
55770
55781
55805
55843
55854
55855
55919
56039
56043
56094
56114
56122
56161
56172
56173
56175
56194
56197
56198
56215
56274
56289
56293
56300
56301
56308
58406
58436
58439
58513
58521
58523
58562
58578
58598
58619
58621
58625
58669
58679
58718
58722
58726
58751
58755
58795
58867
58885
58982
59117
59210
59211
59241
59245
59253
59258
59326
59345
59349
59364
59367
59369
63523
63832
63912
63930
63942
63943
63948
63962
63970
64003
64010
64049
64050
64057
64086
131165
131194
131195
131208
131217
131219
131236
131240
131244
131259
131339
131444
131475
131582
131790
132011
132016
132039
132047
132053
132078
132081
132087
132132
132138
132142
132200
132204
132236
132237
132242
132243
132247
132253
132265
132271
132275
132277
132281
132286
132287
132288
132289
132293
132307
132312
132328
132332
132334
132337
132356
132396
132398
132399
132402
132403
132406
132425
132465
132466
132472
132500
132526
132589
132690
132696
132699
132700
132708
132721
132731
132734
132739
132804
132805
132816
132824
132829
132910
132915
133013
133025
133058
133097
133103
133134
133136
133151
133160
133165
133177
133210
133327
133387
133390
133391
133411
133422
133426
133449
133453
133456
133462
133466
133470
133471
133472
133487
133497
133531
133535
133541
133587
133600
133622
133728
133735
133748
133757
133794
133850
133862
133868
133882
133891
133903
133911
133912
133921
133942
133959
134074
134078
134079
134082
134144
134148
134171
134187
134190
134206
134214
134349
134356
134363
134390
134397
134407
134457
134469
134474
134476
134514
134515
134534
134535
134546
134547
134563
134566
134588
134594
134607
134677
134699
134784
134828
134831
134842
134963
134981
134998
135002
135008
135009
135014
135033
135048
135066
135074
135091
135093
135103
135114
135134
135161
135270
135278
135283
135291
135315
135354
135372
135374
135409
135411
135412
135418
135521
135522
135525
135530
135531
135577
135600
135623
136029
136041
136149
136169
136175
136202
136261
136270
136439
136464
136473
136511
136537
136553
136599
136601
136606
136733
136785
136817
136892
136904
136936
136968
136973
137003
137061
137182
137205
137238
137253
137261
137269
137272
137393
137430
137456
137468
137474
137476
137490
137509
137511
137520
137563
137567
137582
137825
137831
137838
137865
137870
137904
137928
137932
137948
137954
137962
137982
137988
137991
138199
138341
138345
138419
138433
138450
138458
138459
138463
138481
138539
138552
138588
138591
138593
138606
138608
138610
138626
138674
138699
138907
139028
139062
139070
139079
139083
139089
139190
139225
139257
139264
139291
139308
139341
139349
139475
139579
139617
139625
139644
139650
139653
139655
139677
139690
139709
139739
139746
139829
139837
139883
139895
139896
139921
140052
140101
140224
140305
140577
140578
140590
140592
140605
140610
140629
140632
140661
140663
140677
140719
140729
140845
140899
140902
140920
140928
140929
140931
140939
141042
141180
141190
141205
141235
141354
141364
141367
141379
141383
141384
141389
141466
141469
141678
141681
141697
141702
141703
141753
141756
141760
141777
141883
141995
142002
142023
142026
142039
142066
142110
142119
142138
142146
142160
142275
142289
142292
142419
142539
142564
142565
142597
142598
142632
142635
146962
146999
147003
147188
148973
148992
149008
149010
149020
149040
149049
149059
149167
149290
149291
149431
149434
149435
149493
149642
1825
8145
62972
62981
399666
286
375
517
565
692
719
790
1101
1102
1103
1104
1105
1106
1107
1108
1125
1127
1128
1129
1130
1131
1132
1133
1134
1136
1138
1139
1140
1141
1142
1143
1144
1145
1146
1147
1148
1149
1150
1151
1152
1153
1154
1155
1156
1157
1158
1159
1160
1161
1162
1163
1164
1165
1166
1167
1168
1169
1170
1171
1172
1173
1174
1175
1176
1177
1178
1179
1180
1181
1182
1183
1184
1185
1186
1187
1188
1189
1190
1191
1192
1193
1194
1195
1196
1197
1198
1199
1200
1213
1248
1299
1729
1741
1755
1759
1780
1878
1879
1880
1881
1882
1883
1887
1888
1890
1902
1922
2004
2017
2026
2043
2107
2109
2110
2115
2121
2128
2130
2590
2603
2607
2799
2821
2830
2831
2832
2833
2834
2835
2836
2837
2838
2839
2840
2841
2842
2843
2844
2845
2846
2850
2858
2859
2863
2865
3165
3166
3169
3171
3185
3212
3220
3222
3224
3238
3240
3246
3265
3272
3274
3286
3292
3301
3306
3308
3309
3317
3321
3327
3333
3336
3342
3399
5060
5061
5390
5411
5417
5418
5419
5420
5435
5466
5469
5487
5491
5515
5524
5526
5527
5545
5550
5574
5575
5578
5580
5582
5599
5601
5603
5615
5617
5621
5623
5624
5628
5629
6152
6424
6658
6667
6681
6686
6688
6714
6726
6742
6748
6764
6777
6778
6780
6781
6782
6785
6793
6797
6803
6811
6812
6815
6816
6817
6819
6830
6834
6839
6852
6855
6862
6872
6873
6885
6904
6905
8211
8213
8232
8233
8236
8238
8246
8256
8257
8267
8273
8275
8283
8286
8288
8289
8290
8307
8308
8312
8315
8322
8323
8326
8328
8348
8364
8374
8380
8385
8434
8455
8458
8459
8464
8473
8477
8479
8483
8501
8502
8508
8516
8523
8526
8529
8532
8535
8545
8558
8582
8587
8588
8591
8597
8608
8620
8624
8633
8642
8664
8674
8694
8702
8726
8727
8737
8748
8766
8768
8769
8778
8798
8812
8819
8829
8834
8837
8865
8873
8886
8887
8890
8918
8935
8938
8945
8949
8954
8962
8970
8973
8979
8983
8984
8987
8989
8995
8996
9001
9016
9017
9045
9046
9047
9048
9055
9059
9061
9085
9088
9103
9112
9119
9120
9141
9143
9150
9158
9167
9171
9201
9504
12315
12324
12328
12330
12346
12372
12375
12381
12384
12388
12393
12414
12415
12423
12426
12435
12464
12469
12476
12483
12501
12508
12552
12561
12573
12580
12582
12595
12597
12617
12618
12630
12642
12644
12654
12659
12666
12702
12712
12740
12741
12743
12774
12778
12782
12785
12805
12824
12827
12831
12834
12854
12859
12871
12877
12887
12902
12905
12912
12917
12918
12935
12939
12945
12966
12967
12968
12980
12985
12990
12992
13000
13057
13063
13065
13086
13110
13116
13119
13120
13127
13136
13169
13170
13189
13214
13266
13274
13276
13280
13293
13308
15373
15384
15391
15393
15396
15405
15411
15423
15424
15426
15435
15443
15447
15459
15466
15470
15478
15480
15496
15501
15502
15503
15507
15516
15519
15527
15535
15537
15541
15542
15562
15563
15587
15606
15612
15618
15624
15625
15664
15665
15670
15679
15687
15693
15694
15695
15703
15728
15740
15744
15751
15767
15782
15786
15787
15791
15793
15798
15806
15822
15840
15849
15851
15855
15857
15869
15874
15878
15879
15889
15902
15912
15916
15922
15946
15962
15966
15967
15969
15970
15980
15991
15993
15997
16003
16006
16016
16023
16037
16048
16074
16086
16087
16095
16104
16110
16115
16117
16131
16138
16142
16147
16150
16160
16167
16171
16182
16184
16228
16237
16243
16244
16245
16251
16253
16261
16263
16265
16266
16270
16273
16274
16278
16281
16283
16288
16290
16291
16295
16296
16298
16302
16331
16340
16342
16350
16354
16367
16375
16380
20486
20491
20492
20494
20495
20504
20507
20513
20514
20526
20542
20552
20553
20555
20559
20562
20569
20571
20574
20579
20581
20592
20618
20625
20626
20635
20656
20670
20681
20691
20710
20763
20769
20774
20781
20798
20804
20808
20828
20844
20847
20853
20857
20861
20867
20888
20889
20892
20896
20898
20904
20909
20938
20940
20943
20947
20953
20960
20961
20965
20969
20983
20984
21010
21019
21021
21060
21064
21068
21073
21111
21123
21125
21132
21139
21155
21159
21162
21169
21182
21187
21195
21196
21200
21201
21202
21210
21221
21227
21243
21244
21250
21259
21283
21286
21288
21297
21302
21315
21320
21321
21324
21326
21328
21342
21344
21348
21357
21388
21392
21395
21399
21401
21404
21441
21443
21456
21460
21465
21474
21478
21485
21490
21495
21503
22683
24577
24578
24584
24586
24595
24597
24605
24619
24622
24629
24642
24643
24652
24668
24675
24701
24709
24713
24714
24723
24724
24727
24728
24730
24732
24738
24740
24744
24747
24748
24751
24752
24753
24756
24784
24785
24791
24800
24809
24813
24819
24848
24853
24862
24875
24879
24895
24906
24908
24918
24928
24929
24957
24967
24969
24980
24985
25014
25017
25020
25033
25034
25037
25042
25049
25055
25059
25066
25070
25072
25075
25084
25111
25138
25146
25149
25151
25152
25154
25169
25172
25173
25176
25181
25182
25191
25213
25222
25223
25240
25252
25303
25313
25352
25373
25377
25384
25387
25390
25391
25410
25413
25417
25418
25433
25439
25441
25443
25453
25459
25466
25467
25468
25473
25475
25495
25496
25497
25499
25502
25506
25523
25525
25541
25542
25545
25552
25557
25584
25595
25596
25599
28678
28680
28682
28685
28689
28717
28722
28723
28726
28732
28785
28788
28793
28797
28806
28815
28826
28836
28847
28850
28852
28854
28867
28878
28883
28885
28888
28893
28908
28931
28933
28950
28951
28952
28954
28978
28982
28984
28985
28995
28997
29001
29007
29015
29023
29024
29028
29051
29063
29089
29093
29100
29103
29121
29132
29135
29148
29150
29154
29155
29156
29166
29167
29172
29205
29216
29217
29223
29227
29232
29235
29240
29243
29245
29251
29254
29263
29266
29272
29273
29276
29282
29290
29293
29305
29311
29314
29318
29327
29331
29344
29374
29391
29396
29398
29405
29414
29422
29432
29445
29468
29501
29512
29518
29519
29522
29531
29535
29536
29542
29553
29590
29591
29593
29596
29601
29602
29620
29640
29642
29644
29649
29650
29653
29665
29671
29672
30720
30725
30726
30730
30731
30732
30736
30753
30754
30759
30772
30778
30780
30782
30785
30793
30795
30798
30811
30813
30816
30821
30824
30830
30838
30841
30851
30870
30875
30876
30879
30880
30883
30884
30887
30893
30898
30900
30903
30912
30918
30921
30923
30925
30929
30975
30978
31019
31024
31026
31027
31032
31045
31060
31064
31071
31079
31080
31105
31106
31107
31108
31109
31110
31116
31117
31120
31122
31127
31128
31129
31130
31131
31134
31165
31172
31181
31199
31209
31229
31230
31242
31251
31267
31280
31281
31292
31304
31306
31310
31311
31315
31331
31337
31377
31381
31383
31389
31393
31409
31411
31412
31423
31431
31433
31434
31458
31477
31505
31507
31528
31533
31537
31540
31545
31568
31573
31574
31584
31586
31590
31599
31604
31608
31615
31621
31623
31624
31628
31634
31639
31642
31644
31646
31661
31673
31679
31683
31687
31709
31711
31729
31733
33795
33796
33799
33801
33806
33807
33826
33837
33838
33850
33868
33869
33885
33886
33895
33900
33901
33905
33907
33915
33916
33918
33923
33935
33951
33955
33976
33980
33985
33990
33996
34012
34024
34025
34027
34029
34045
34064
34069
34076
34106
34108
34110
34133
34140
34141
34153
34164
34165
34169
34174
34199
34208
34209
34210
34212
34215
34218
34228
34233
34234
34236
34244
34245
34252
34254
34263
34273
34275
34284
34298
34305
34307
34311
34324
34330
34337
34339
34342
34343
34345
34360
34367
34373
34384
34385
34387
34390
34392
34393
34402
34409
34414
34420
34424
34427
34430
34431
34435
34443
34462
34482
34484
34486
34488
34494
34506
34507
34509
34521
34525
34530
34541
34544
34546
34556
34562
34566
34576
34600
34604
34607
34610
34612
34622
34628
34635
34637
34651
34652
34656
34663
34670
34681
34686
34688
34705
34710
34717
34719
34730
34734
34756
34765
34766
34778
34779
34789
34791
34801
34805
34815
34820
34823
34826
34835
34844
34845
34848
34850
34889
34891
34902
34903
34907
34912
34932
34937
34941
34942
34946
34950
34963
34965
34968
34969
34986
34999
35007
35023
35024
35027
35028
35033
35040
35041
35055
35060
35063
35064
35068
35073
35099
35100
35115
35121
35124
35126
35127
35133
35139
35156
35158
35174
35175
35179
35186
35187
35191
35198
35199
35204
35209
35215
35224
35226
35229
35253
35260
35262
35274
35275
35281
35289
35299
35306
35316
35318
35323
35328
35332
35337
35342
35343
35349
35355
35375
35376
35378
35382
35383
35398
35408
35409
35415
35419
35421
35424
35430
35434
35445
35460
35463
35467
35470
35471
35476
35477
35488
35491
35493
35498
35538
35542
35543
35561
35565
35585
35589
35596
35601
35605
35628
35637
35671
35678
35686
35695
35705
35706
35709
35720
35735
35742
35744
35745
35752
35759
35760
35778
35782
35785
35787
35789
35790
35814
35817
38913
38915
38919
38921
38923
38930
38933
38942
38944
38945
38949
38956
38965
38970
38975
38982
38983
38987
38991
39004
39008
39014
39021
39022
39026
39030
39039
39041
39052
39059
39078
39085
39093
39098
39109
39111
39112
39114
39122
39133
39137
39146
39157
39168
39171
39173
39174
39187
39194
39195
39198
39204
39219
39233
39242
39243
39244
39255
39261
39268
39278
39282
39287
39288
39292
39301
39309
39310
39319
39320
39324
39330
39349
39351
39362
39369
39371
39375
39387
39390
39403
39404
39412
39437
39439
39449
39455
39456
39467
39484
39485
39487
39489
39490
39497
39499
39500
39507
39521
39547
39554
39563
39566
39570
39572
39574
39587
39590
39591
39597
39599
39603
39607
39625
39637
39641
39642
39643
39647
39648
39651
39656
39658
39661
39662
39665
39670
39672
39673
39686
39698
39699
39700
39704
39708
39716
39727
39731
39752
39760
39765
39774
39778
39784
39793
39794
39800
39806
39813
39816
39834
39836
39839
39840
39854
39856
39857
39869
39870
39871
39872
39873
39880
39883
39889
39893
39897
39907
39909
39910
39914
39915
40961
40969
40970
40985
41001
41004
41005
41006
41014
41016
41023
41026
41031
41036
41037
41038
41047
41056
41057
41063
41073
41076
41079
41092
41097
41104
41105
41117
41136
41137
41138
41142
41149
41153
41174
41175
41178
41182
41188
41193
41194
41201
41207
41208
41212
41214
41216
41218
41225
41227
41235
41237
41238
41240
41241
41242
41243
41247
41248
41253
41256
41265
41266
41297
41299
41306
41309
41312
41314
41318
41319
41322
41331
41335
41340
41356
41358
41369
41385
41398
41401
41406
41407
41420
41421
41427
41434
41441
41442
41445
41455
41464
41468
41473
41474
41476
41480
41487
41499
41505
41508
41511
41519
41522
41528
41529
41543
41545
41552
41561
41564
41567
41580
41581
41582
41584
41591
41602
41607
41618
41621
41629
41630
41634
41640
41641
41642
41643
41647
41648
41650
41660
41662
41663
41666
41676
41677
41680
41692
41693
41696
41701
41702
41716
41725
41736
41741
41744
41746
41747
41753
41760
41777
41785
41790
41795
41796
41808
41809
41819
41828
41835
41841
41846
41848
41860
41865
41880
41883
41884
41887
41899
41907
41908
41916
41930
41931
41943
41945
41952
41959
41960
41966
41970
41973
41980
41982
41992
41993
41996
42005
42021
42039
42047
42050
42058
42084
42090
42092
42093
42098
42106
42107
42118
42122
42124
42125
42127
42131
42152
42153
42154
42156
42158
42161
42171
42177
42194
42199
42201
42204
42207
42209
42213
42227
42230
42236
42244
42246
42251
42252
42261
42265
42266
42272
42273
42282
42297
42299
42302
42303
42307
42309
42310
42315
42318
42319
42320
42326
42328
42343
42355
42361
42374
42381
42383
42401
42402
42407
42416
42418
42433
42445
42453
42454
42470
42490
42492
42497
42499
42503
42517
42520
42523
42525
42531
42540
42541
42542
42544
42547
42552
42553
42567
42573
42576
42585
42594
42595
42598
42604
42619
42621
42622
42638
42643
42644
42649
42656
42659
42667
42672
42673
42675
42681
42686
42695
42697
42700
42703
42707
42708
42709
42717
42718
42720
42739
42746
42747
42755
42757
42763
42778
42789
42791
42797
42804
42812
42826
42830
42832
42836
42841
42876
42877
42885
42894
42900
42903
42914
42923
42927
42928
42932
42935
42945
42946
42948
42953
42963
42966
42968
42977
42981
42986
43012
43015
43016
43018
43021
43024
43026
43034
43036
43054
43058
43061
43062
43065
43071
43073
43074
43088
43091
43093
43096
43098
43099
43101
43113
43117
43118
43128
43144
43147
43153
43161
43164
43167
43169
43171
43172
43173
43178
43190
43192
43196
43220
43221
43225
43229
43244
43248
43253
43290
43293
43326
43337
43339
43345
43350
43351
43363
43366
43371
43372
43386
43406
43407
43412
43414
43420
43427
43430
43432
43435
43437
43447
43451
43462
43470
43476
43484
43492
43493
43495
43498
43499
43504
43505
43506
43512
43515
43517
43535
43557
43558
43570
43591
43596
43607
43610
43616
43622
43638
43639
43641
43645
43653
43663
43665
43674
43679
43681
43692
43695
43705
43737
43758
43760
43762
43769
43770
43772
43777
43790
43792
43796
43803
43806
43809
43810
43816
43825
43829
43837
43844
43853
43854
43861
43862
43867
43869
43888
43893
43894
43898
43914
43922
43929
43932
43939
43941
43948
43961
43962
43963
43968
43969
43974
43982
43984
43985
43986
43995
43996
43997
44001
44004
44013
44016
44033
44034
44044
44061
44073
44074
44080
44082
44085
44086
44103
44111
44123
44124
44134
44136
44146
44155
44175
44176
44183
44185
44187
44190
44196
44212
44214
44234
44236
44253
44259
44262
44279
44284
44316
44320
44328
44338
44342
44348
44354
44368
44370
44382
44384
44394
44398
44413
44415
44421
44433
44439
44440
44446
44447
44451
44452
44454
44455
44463
44477
44490
44501
44506
44508
44514
44518
44523
44524
44535
44541
44549
44551
44557
44581
44592
44602
44603
44608
44610
44612
44615
44625
44631
44632
44641
44643
44647
44655
44663
44666
44667
44692
44694
44730
44732
44743
44744
44746
44757
44758
44769
44783
44784
44786
44792
44813
44815
44823
44838
44852
44854
44855
44856
44858
44859
44860
44869
44883
44896
44912
44914
44926
44928
44930
44935
44940
44953
44959
44962
44968
44993
45002
45009
45010
45011
45016
45024
45026
45030
45032
45036
45038
45040
47112
47128
47129
47154
47155
47160
47167
47172
47173
47179
47189
47197
47198
47199
47207
47223
47229
47234
47249
47250
47252
47260
47265
47273
47275
47281
47287
47289
47290
47292
47301
47303
47304
47305
47322
47325
47329
47336
47339
47348
47356
47357
47360
47383
47392
47396
47401
47404
47417
47425
47443
47450
47454
47466
47467
47468
47476
47482
47483
47490
47501
47520
47527
47532
47543
47544
47580
47601
47605
47628
47629
47632
47633
47640
47660
47672
47674
47676
47680
47690
47695
47698
47699
47708
47715
47720
47732
47741
47755
47765
47790
47812
47816
47829
47830
47847
47850
47859
47863
47864
47867
47869
47870
47876
47879
47880
47884
47886
47888
47896
47903
47904
47917
47931
47941
47942
47970
47973
47983
47993
47994
48016
48021
48022
48023
48025
48037
48042
48047
48056
48059
48088
48093
48105
48116
48119
48133
48136
48142
48150
48156
48157
48163
48171
48174
48183
48186
48189
48208
48211
48220
48222
48224
48227
48246
48248
48255
48259
48267
48283
48288
48299
48304
48305
48311
48326
48342
48346
48374
48381
48388
48392
48395
48398
48403
48406
48419
48424
48428
48435
48445
48446
48464
48466
48473
48487
48495
48501
48505
48514
48516
48520
48522
48523
48525
48534
48554
48559
48564
48565
48579
48603
48609
48618
48626
48633
48635
48636
48645
48652
48653
48657
48659
48684
48689
48690
48694
48700
48707
48712
48714
48726
48727
48729
48742
48755
48760
48764
48765
48767
48768
48772
48774
48782
48789
48790
48791
48792
48803
48805
48812
48833
48841
48850
48854
48859
48869
48871
48875
48883
48886
48894
48896
48904
48907
48921
48942
48947
48956
48963
48970
48972
48981
48992
48994
48997
49001
49007
49010
49015
49033
49035
49044
49045
49047
49051
49059
49065
49079
49096
49102
49109
49115
49117
49127
49133
49141
49143
49149
49151
49172
49185
49189
49190
49191
49196
49197
49200
49201
49206
49217
49221
49222
49232
49242
49249
49250
49251
49258
49264
49269
49272
49277
49282
49283
49290
49292
49300
49303
49305
49307
49309
49329
49362
49370
49386
49397
49402
49405
49406
49407
49408
49416
49417
49419
49420
49422
49427
49453
49460
49471
49475
49500
49509
49514
49515
49522
49528
49543
49544
49562
49564
49567
49590
49593
49601
49611
49616
49618
49627
49630
49633
49636
49649
49659
49670
49685
49708
49713
49715
49725
49731
49743
49750
49753
49754
49761
49762
49766
49769
49770
49784
49785
49787
49790
49798
49802
49812
49820
49822
49826
49831
49838
49846
49853
49858
49866
49870
49873
49876
49888
49895
49896
49917
49926
49927
49930
49946
49949
49959
49969
49974
49981
49989
49998
50010
50014
50016
50018
50021
50026
50032
50054
50062
50066
50072
50086
50093
50094
50095
50101
50116
50119
50121
50128
50134
50149
50153
50154
50167
50168
50171
50188
50195
50207
50208
50212
50231
50239
50242
50243
50245
50247
50253
50266
50273
50278
50290
50295
50296
50311
50312
50319
50323
50326
50331
50333
50344
50346
50349
50355
50366
50377
50381
50387
50399
50404
50408
50411
50420
50421
50423
50426
50434
50444
50450
50453
50457
50467
50470
50481
50490
50493
50503
50505
50521
50522
50550
50551
50554
50555
50557
50559
50561
50570
50572
50584
50585
50592
50599
50601
50603
50606
50607
50622
50625
50630
50634
50638
50655
50661
50673
50683
50684
50705
50708
50728
50737
50759
50767
50777
50783
50786
50791
50799
50814
50815
50821
50827
50828
50829
50830
50840
50843
50867
50874
50881
50883
50898
50900
50901
50904
50924
50925
50953
50986
50987
50988
50993
50994
51000
51013
51030
51040
51050
51060
51062
51064
51068
51073
51079
51088
51091
51097
51101
51111
51132
51143
51146
51148
51149
51155
51161
51164
51173
51175
51188
51203
51208
51237
51251
51261
51272
51277
51290
51299
51305
51307
51310
51311
51319
51323
51337
51353
51368
51373
51377
51390
51393
51394
51399
51412
51414
51422
51425
51426
51430
51432
51434
51436
51452
51465
51468
51473
51482
51484
51508
51509
51510
51513
51514
51516
51517
51519
51546
51558
51565
51571
51573
51589
51590
51594
51595
51608
51615
51619
51620
51634
51636
51644
51646
51647
51648
51650
51653
51675
51677
51682
51683
51687
51691
51697
51701
51717
51726
51728
51735
51747
51749
51750
51752
51757
51758
51765
51769
51772
51774
51790
51792
51807
51815
51816
51821
51849
51856
51857
51863
51864
51865
51876
51879
51899
51923
51927
51929
51931
51935
51941
51942
51944
51947
51948
51956
51960
51969
51976
51980
51982
51986
51988
51996
52000
52004
52005
52009
52011
52019
52020
52035
52050
52056
52064
52078
52079
52101
52102
52106
52110
52121
52123
52124
52132
52138
52139
52142
52144
52153
52169
52170
52177
52185
52186
52192
52195
52199
52203
56324
56328
56349
56356
56372
56373
56391
56393
56408
56412
56441
56449
56470
56473
56475
56481
56496
56500
56504
56510
56511
56513
56515
56517
56518
56520
56521
56523
56531
56540
56544
56563
56572
56573
56575
56579
56590
56597
56599
56602
56609
56611
56625
56628
56635
56638
56645
56646
56651
56656
56658
56659
56662
56682
56683
56695
56700
56709
56711
56712
56713
56722
56734
56735
56736
56738
56747
56752
56767
56778
56783
56789
56790
56800
56819
56826
56838
56841
56848
56869
56870
56878
56883
56884
56898
56900
56904
56905
56908
56926
56933
56937
56941
56943
56945
56946
56949
56953
56955
56961
56965
56976
56980
56983
56985
56993
56999
57012
57020
57021
57029
57030
57032
57040
57042
57043
57048
57051
57052
57054
57055
57061
57065
57066
57075
57083
57084
57088
57090
57101
57112
57121
57122
57124
57129
57131
57146
57151
57170
57172
57189
57195
57208
57213
57219
57220
57221
57238
57239
57247
57248
57249
57254
57255
57258
57263
57291
57305
57321
57325
57327
57332
57347
57355
57359
57360
57367
57390
57400
57401
57404
57414
57430
57436
57475
57476
57478
57480
57485
57488
57492
57504
57515
57517
57518
57520
57524
57532
57536
57539
57547
57554
57556
57569
57592
57593
57594
57597
57602
57606
57608
57613
57617
57623
57626
57630
57638
57643
57664
57665
57685
57692
57698
57701
57706
57710
57713
57715
57716
57717
57718
57720
57723
57732
57735
57736
57744
57748
57758
57771
57773
57782
57788
57789
57791
57795
57801
57807
57810
57811
57819
57832
57845
57854
57860
57866
57875
57889
57890
57896
57897
57905
57915
57921
57942
57945
57955
57966
57967
57978
57980
57983
57998
58003
58014
58017
58035
58044
58046
58056
58061
58064
58065
58073
58075
58077
58083
58089
58093
58111
58130
58138
58140
58141
58173
58186
58213
58237
58252
58270
58272
58275
58282
58291
58307
58317
58318
58320
58321
58328
58334
58335
58340
58343
58350
59393
59397
59408
59409
59415
59417
59427
59435
59444
59460
59464
59469
59471
59472
59477
59491
59521
59524
59538
59540
59542
59543
59545
59548
59551
59554
59555
59556
59560
59569
59572
59579
59586
59599
59607
59611
59626
59630
59645
59650
59670
59685
59686
59692
59700
59701
59702
59727
59743
59750
59758
59760
59769
59776
59782
59791
59795
59796
59800
59802
59804
59807
59828
59834
59835
59844
59857
59865
59901
59913
59915
59927
59929
59945
59948
59951
59958
59964
59977
59980
59985
59990
60000
60007
60018
60022
60047
60053
60094
60101
60106
60107
60109
60110
60111
60114
60116
60126
60131
60133
60142
60144
60153
60155
60156
60158
60166
60176
60184
60189
60191
60195
60196
60205
60213
60214
60215
60217
60219
60222
60229
60238
60243
60244
60262
60263
60269
60276
60277
60279
60285
60296
60309
60317
60322
60323
60327
60332
60335
60336
60341
60354
60355
60358
60376
60378
60396
60399
60402
60404
60414
60418
60421
60422
60425
60433
60435
60448
60463
60466
60468
60472
60476
60479
60499
60505
60514
60526
60528
60533
60534
60542
60552
60557
60563
60565
60579
60582
60585
60589
60594
60616
60617
60624
60626
60634
60645
60646
60649
60652
60658
60662
60665
60671
60679
60680
60692
60695
60705
60712
60713
60715
60719
60725
60741
60750
60751
60755
60775
60781
60782
60790
60791
60794
60795
60801
60805
60806
60809
60810
60816
60820
60829
60831
60844
60846
60850
60869
60874
60875
60876
60877
60880
60883
60884
60888
60893
60895
60903
60910
60920
60924
60927
60937
60938
60941
60950
60958
60959
60961
60964
60968
60970
60973
61005
61007
61013
61018
61027
61029
61032
61044
61054
61056
61060
61064
61074
61078
61125
61128
61134
61142
61145
61146
61147
61154
61158
61161
61171
61177
61180
61186
61194
61199
61200
61203
61207
61210
61212
61214
61216
61229
61233
61241
61242
61251
61253
61256
61258
61282
61284
61288
61289
61299
61311
61314
61329
61331
61335
61338
61340
61346
61349
61351
61385
61395
61397
61404
61413
61421
61424
61428
61429
61434
61956
61957
61983
61990
61999
62001
62003
62017
62020
62022
62025
62031
62047
62050
62060
62068
62081
62089
62090
62094
62097
62105
62113
62116
62121
62125
62126
62129
62131
62138
62147
62152
62167
62168
62180
62183
62188
62194
62201
62209
62210
62213
62215
62237
62245
62254
62257
62258
62305
62308
62319
62321
62324
62328
62353
62357
62370
62377
62393
62397
62421
62431
62455
62457
62463
64403
64404
64407
64408
64416
64425
64430
64437
64449
64465
64468
64477
64488
64495
196613
196615
196649
196652
196655
196666
196677
196679
196681
196693
196702
196704
196707
196724
196728
196729
196730
196737
196752
196772
196776
196792
196793
196799
196802
196806
196818
196826
196827
196830
196837
196844
196846
196855
196858
196866
196872
196882
196883
196887
196890
196891
196895
196898
196899
196900
196901
196903
196909
196912
196926
196927
196928
196935
196944
196951
196967
196969
196972
196974
196976
196979
196980
196982
196985
196994
196997
196999
197000
197003
197005
197011
197016
197020
197025
197027
197031
197032
197045
197048
197049
197064
197087
197091
197093
197099
197105
197111
197113
197115
197116
197123
197124
197132
197135
197136
197142
197146
197151
197154
197155
197156
197162
197170
197177
197181
197186
197187
197190
197191
197201
197209
197215
197217
197219
197220
197224
197226
197227
197231
197233
197238
197250
197262
197265
197266
197270
197274
197279
197284
197285
197288
197294
197295
197300
197301
197302
197308
197310
197317
197318
197321
197323
197326
197332
197336
197345
197368
197375
197391
197395
197396
197397
197398
197399
197400
197405
197408
197410
197411
197416
197418
197427
197430
197431
197436
197437
197441
197447
197448
197457
197459
197470
197472
197474
197479
197480
197494
197495
197496
197502
197503
197507
197508
197511
197513
197514
197527
197528
197530
197536
197541
197543
197544
197552
197557
197564
197570
197572
197579
197581
197586
197588
197590
197592
197595
197599
197600
197603
197605
197608
197615
197617
197620
197621
197623
197629
197630
197631
197635
197642
197645
197655
197656
197660
197663
197667
197671
197672
197678
197679
197680
197682
197697
197701
197702
197704
197709
197721
197724
197727
197731
197734
197735
197747
197748
197753
197755
197764
197766
197771
197775
197776
197784
197790
197791
197796
197799
197800
197801
197804
197806
197809
197810
197811
197813
197818
197824
197828
197833
197837
197838
197839
197840
197843
197844
197848
197849
197853
197855
197864
197877
197881
197887
197891
197892
197902
197903
197904
197907
197908
197910
197918
197928
197930
197933
197935
197936
197939
197940
197942
197944
197950
197953
197956
197957
197966
197977
197979
197982
197985
198000
198001
198004
198007
198008
198011
198012
198014
198023
198024
198029
198035
198036
198038
198040
198042
198043
198048
198050
198051
198054
198055
198061
198067
198072
198073
198081
198089
198091
198093
198094
198098
198105
198106
198112
198115
198118
198125
198131
198133
198140
198141
198146
198151
198156
198158
198160
198163
198164
198176
198187
198190
198194
198197
198199
198203
198206
198213
198214
198216
198217
198221
198230
198232
198235
198241
198242
198243
198245
198260
198262
198263
198269
198271
198272
198277
198278
198289
198298
198301
198307
198317
198322
198327
198329
198334
198344
198347
198352
198374
198377
198383
198389
198391
198393
198397
198401
198407
198408
198410
198413
198414
198416
198418
198424
198428
198430
198431
198442
198443
198450
198451
198452
198453
198455
198457
198458
198460
198463
198465
198467
198470
198473
198476
198478
198485
198489
198490
198493
198495
198496
198498
198508
198509
198513
198514
198517
198518
198522
198524
198525
198527
198529
198530
198531
198537
198538
198540
198543
198547
198549
198557
198560
198568
198572
198577
198579
198581
198591
198594
198595
198597
198604
198608
198611
198612
198613
198614
198622
198627
198628
198631
198637
198642
198644
198646
198655
198663
198671
198673
198674
198676
198689
198692
198694
198695
198696
198704
198707
198709
198713
198717
198730
198737
198742
198743
198746
198749
198751
198752
198759
198761
198766
198777
198782
198788
198794
198811
198812
198822
198827
198829
198835
198836
198837
198838
198840
198841
198848
198851
198852
198854
198857
198859
198865
198872
198880
198881
198884
198888
198891
198896
198897
198900
198901
198903
198906
198909
198910
198915
198921
198922
198924
198927
198928
198935
198936
198937
198944
198945
198948
198962
198964
198965
198971
198975
198979
198982
198984
198992
198993
198995
198999
199005
199017
199027
199028
199036
199041
199043
199050
199053
199057
199060
199061
199069
199075
199076
199087
199091
199105
199107
199113
199122
199135
199137
199138
199139
199147
199149
199150
199151
199154
199166
199177
199192
199197
199198
199200
199201
199212
199213
199215
199222
199231
199234
199249
199250
199252
199256
199260
199265
199268
199279
199289
199296
199318
199319
199322
199323
199332
199336
199338
199340
199341
199345
199346
199353
199355
199356
199358
199363
199368
199371
199373
199374
199378
199381
199389
199390
199402
199407
199408
199409
199410
199411
199413
199416
199428
199442
199449
199451
199453
199464
199470
199473
199475
199480
199486
199492
199494
199503
199508
199510
199517
199520
199522
199523
199538
199543
199544
199550
199551
199559
199564
199584
199585
199588
199590
199601
199612
199615
199638
199639
199648
199667
199678
199709
199715
199718
199721
199723
199733
199734
199743
199752
199761
199768
199769
199773
199774
199780
199781
199787
199794
199795
199807
199810
199815
199816
199831
199835
199842
199845
199846
199848
199850
199857
199859
199863
199873
199885
199888
199890
199891
199896
199899
199902
199910
199915
199927
199936
199937
199939
199943
199951
199953
199955
199965
199968
199971
199973
199977
199978
199980
199981
199988
199998
200001
200005
200011
200018
200020
200023
200031
200046
200053
200060
200061
200071
200087
200088
200089
200090
200094
200104
200115
200125
200134
200138
200142
200144
200150
200174
200176
200191
200272
200274
200289
200292
200300
200316
200317
200318
200338
200341
200342
200352
200355
200363
200369
200382
200396
200408
200410
200414
200428
200429
200437
200438
200444
200451
200460
200470
200493
200499
200500
200504
200514
200516
200528
200531
200534
200538
200539
200543
200549
200550
200560
200562
200565
200569
200573
200574
200577
200587
200588
200591
200594
200596
200602
200605
200606
200609
200610
200611
200626
200629
200642
200648
200656
200659
200668
200670
200672
200674
200677
200680
200691
200696
200701
200705
200711
200714
200718
200719
200745
200746
200749
200750
200755
200756
200758
200763
200765
200771
200792
200807
200808
200820
200822
200824
200831
200832
200837
200839
200841
200842
200860
200862
200863
200867
200871
200878
200881
200889
200891
200893
200894
200897
200903
200905
200909
200910
200917
200920
200930
200934
200946
200947
200948
200963
200974
200981
200991
200996
200997
200999
201000
201001
201006
201013
201017
201019
201020
201027
201029
201036
201044
201046
201049
201053
201054
201055
201056
201057
201068
201070
201075
201078
201082
201087
201091
201111
201113
201122
201125
201132
201136
201139
201143
201146
201149
201154
201166
201169
201171
201172
201180
201196
201202
201209
201221
201253
201255
201258
201264
201269
201271
201279
201286
201290
201305
201307
201310
201311
201314
201317
201323
201328
201330
201331
201332
201342
201372
201391
201395
201401
201402
201403
201404
201405
201407
201413
201422
201423
201424
201427
201428
201434
201439
201448
201451
201455
201456
201460
201472
201488
201489
201503
201504
201510
201514
201519
201521
201522
201531
201532
201538
201549
201557
201561
201562
201567
201573
201580
201581
201587
201592
201595
201597
201599
201603
201604
201607
201610
201614
201615
201617
201622
201628
201629
201637
201638
201641
201644
201650
201655
201661
201663
201684
201692
201695
201697
201702
201707
201718
201720
201723
201724
201725
201731
201737
201738
201742
201743
201750
201753
201754
201758
201766
201787
201790
201791
201793
201814
201816
201819
201841
201845
201846
201866
201869
201873
201875
201883
201889
201890
201893
201904
201905
201908
201915
201918
201924
201925
201936
201940
201953
201954
201960
201964
201965
201966
201968
201975
201977
201983
201985
201989
201990
201991
201993
201997
202004
202006
202007
202012
202014
202016
202022
202031
202036
202037
202050
202053
202061
202064
202072
202075
202081
202086
202093
202099
202100
202111
202116
202120
202121
202126
202133
202137
202141
202142
202148
202151
202152
202157
202162
202177
202180
202185
202188
202189
202196
202200
202216
202220
202226
202228
202257
202281
202296
202301
202307
202315
202331
202374
202377
202385
202389
202393
202395
202399
202403
202407
202418
202419
202426
202427
202429
202430
202434
202442
202445
202450
202456
202465
202472
202478
202481
202492
202509
202530
202541
202547
202553
202554
202562
202563
202564
202567
202572
202581
202591
202600
202606
202607
202612
202625
202626
202631
202641
202645
202646
202655
202665
202667
202671
202677
202681
202687
202692
202706
202712
202744
202748
202770
202780
202782
202796
202805
202812
202816
202819
202823
202837
202839
202840
202854
202858
202860
202861
202866
202876
202882
202891
202892
202893
202899
202904
202914
202916
202918
202919
202932
202936
202938
202942
202947
202956
202962
202967
202970
202971
202994
203003
203028
203029
203034
203037
203038
203052
203060
203064
203065
203066
203086
203092
203096
203103
203109
203111
203122
203126
203127
203140
203152
203157
203158
203159
203166
203170
203179
203181
203188
203195
203205
203209
203210
203222
203227
203230
203234
203239
203242
203243
203245
203249
203255
203256
203261
203262
203263
203266
203272
203281
203287
203288
203291
203296
203302
203306
203313
203318
203327
203351
203356
203362
203364
203366
203368
203369
203373
203375
203379
203381
203383
203388
203389
203396
203405
203408
203417
203422
203426
203431
203435
203439
203468
203471
203474
203475
203480
203497
203505
203508
203539
203548
203551
203556
203562
203566
203567
203570
203575
203579
203581
203584
203594
203602
203605
203607
203609
203613
203618
203620
203623
203628
203632
203644
203646
203658
203667
203677
203681
203685
203686
203687
203688
203689
203690
203708
203719
203722
203736
203740
203741
203742
203754
203756
203760
203762
203765
203769
203771
203778
203788
203815
203817
203821
203822
203825
203828
203845
203860
203871
203875
203890
203920
203933
203937
203940
203941
203949
203952
203953
203966
203975
203977
203985
203993
203996
203998
204002
204009
204015
204019
204021
204030
204032
204058
204066
204074
204075
204086
204087
204088
204098
204101
204126
204129
204131
204132
204134
204141
204151
204164
204170
204171
204177
204179
204190
204192
204196
204244
204245
204246
204262
204263
204274
204275
204278
204290
204295
204301
204302
204319
204329
204330
204346
204360
204365
204373
204376
204388
204392
204397
204398
204401
204412
204417
204423
204425
204444
204447
204452
204453
204458
204468
204470
204475
204479
204484
204500
204501
204519
204521
204522
204526
204534
204536
204538
204559
204568
204569
204580
204586
204589
204597
204601
204607
204609
204627
204635
204652
204679
204690
204691
204692
204698
204699
204700
204714
204716
204737
204744
204747
204749
204751
204754
204761
204766
204771
204779
204782
204790
204793
204799
204801
204805
204836
204837
204839
204847
204849
204850
204863
204864
204866
204870
204871
204873
204880
204885
204893
204896
204899
204905
204906
204920
204922
204930
204933
204937
204948
204953
204962
204963
204964
204971
204973
204974
204976
204982
204983
204987
204988
204994
204995
205016
205017
205019
205024
205025
205030
205034
205036
205041
205054
205055
205074
205075
205077
205082
205105
205107
205111
205133
205136
205141
205142
205144
205146
205151
205160
205164
205166
205168
205171
205180
205185
205187
205189
205198
205199
205206
205235
205247
205250
205256
205257
205258
205261
205288
205296
205299
205304
205308
205316
205325
205332
205336
205339
205353
205355
205363
205379
205383
205384
205395
205403
205404
205405
205406
205413
205417
205428
205430
205437
205443
205447
205449
205452
205462
205463
205485
205494
205508
205509
205510
205520
205524
205538
205573
205581
205587
205593
205594
205598
205604
205608
205610
205617
205631
205637
205644
205658
205662
205664
205668
205670
205671
205674
205677
205679
205685
205690
205706
205708
205709
205713
205721
205726
205730
205738
205742
205743
205748
205751
205755
205760
205776
205783
205788
205793
205798
205805
205810
205813
205819
205834
205839
205841
205846
205856
205871
205873
205875
205879
205882
205901
205915
205916
205934
205936
205938
205943
205949
205955
205970
205979
205984
205990
205995
205999
206006
206007
206009
206019
206030
206040
206048
206052
206055
206061
206073
206079
206081
206082
206093
206094
206095
206096
206108
206114
206117
206118
206121
206130
206132
206157
206162
206168
206170
206175
206176
206183
206184
206185
206186
206194
206198
206200
206209
206218
206238
206239
206241
206243
206249
206250
206251
206258
206279
206281
206282
206288
206294
206300
206309
206312
206314
206319
206320
206329
206350
206354
206364
206369
206373
206377
206381
206387
206389
206393
206401
206408
206411
206412
206417
206418
206421
206426
206432
206433
206436
206442
206454
206455
206464
206470
206475
206477
206489
206491
206499
206500
206502
206514
206516
206517
206518
206520
206521
206526
206559
206563
206570
206574
206577
206579
206581
206589
206593
206594
206604
206605
206606
206612
206624
206627
206632
206636
206640
206643
206651
206663
206674
206676
206679
206685
206687
206691
206695
206704
206705
206714
206722
206723
206726
206730
206734
206736
206741
206746
206749
206751
206758
206759
206762
206770
206774
206776
206781
206786
206793
206799
206802
206824
206829
206836
206838
206839
206852
206858
206860
206861
206869
206872
206884
206889
206890
206894
206896
206901
206909
206910
206920
206927
206932
206937
206941
206948
206953
206956
206957
206971
206972
206977
206982
206989
206994
206998
207000
207003
207006
207012
207017
207033
207035
207038
207041
207044
207065
207067
207073
207074
207083
207090
207101
207105
207113
207119
207127
207135
207150
207156
207166
207170
207176
207178
207179
207182
207199
207202
207204
207206
207208
207217
207218
207220
207221
207226
207247
207257
207261
207265
207266
207273
207274
207275
207282
207283
207287
207295
207296
207311
207314
207316
207317
207318
207322
207323
207325
207329
207338
207341
207352
207355
207357
207366
207374
207375
207379
207388
207390
207391
207396
207413
207414
207420
207425
207437
207448
207470
207478
207483
207489
207494
207500
207509
207510
207523
207533
207538
207539
207551
207555
207559
207563
207567
207574
207593
207595
207603
207616
207621
207625
207627
207647
207649
207662
207663
207668
207670
207683
207684
207685
207694
207699
207722
207727
207729
207731
207735
207736
207742
207746
207770
207771
207774
207777
207778
207789
207797
207803
207814
207821
207825
207831
207838
207843
207844
207852
207854
207856
207860
207864
207865
207866
207891
207894
207903
207912
207914
207919
207927
207932
207934
207942
207947
207972
207973
207981
207982
207998
208001
208033
208034
208039
208041
208043
208055
208064
208066
208073
208112
208114
208116
208133
208141
208145
208152
208153
208159
208164
208192
208193
208201
208209
208220
208227
208231
208237
208240
208241
208243
208247
208249
208251
208258
208264
208266
208272
208281
208282
208292
208298
208310
208327
208331
208332
208334
208344
208348
208358
208364
208373
208377
208383
208384
208390
208391
208398
208399
208404
208418
208423
208424
208426
208427
208429
208445
208478
208489
208490
208491
208492
208501
208514
208521
208530
208540
208551
208556
208566
208583
208584
208599
208610
208622
208639
208647
208652
208654
208660
208662
208667
208668
208670
208683
208685
208688
208693
208698
208715
208717
208721
208722
208728
208732
208741
208750
208751
208760
208807
208817
208822
208826
208831
208844
208848
208864
208872
208874
208882
208892
208900
208911
208917
208918
208926
208930
208933
208947
208949
208951
208959
208960
208973
208984
208986
208987
208990
209009
209010
209011
209020
209032
209041
209048
209051
209054
209062
209066
209069
209070
209072
209073
209075
209083
209086
209091
209094
209101
209118
209123
209125
209132
209145
209159
209168
209200
209201
209208
209212
209223
209236
209241
209244
209250
209251
209256
209258
209266
209269
209272
209276
209280
209285
209288
209291
209292
209296
209299
209312
209314
209315
209316
209325
209327
209328
209330
209334
209377
209378
209381
209384
209388
209390
209392
209399
209401
209407
209409
209411
209412
209413
209423
209424
209429
209430
209437
209450
209454
209457
209493
209495
209503
209506
209508
209516
209522
209528
209531
209541
209549
209552
209559
209561
209563
209566
209569
209570
209573
209576
209578
209579
209590
209597
209616
209626
209633
209650
209653
209659
209682
209694
209705
209712
209721
209722
209726
209731
209749
209754
209769
209770
209784
209792
209797
209800
209801
209802
209807
209816
209817
209819
209829
209840
209860
209862
209871
209875
209884
209892
209900
209901
209921
209924
209935
209936
209959
209960
209964
209975
209976
209983
209985
209997
209998
210004
210010
210014
210019
210025
210031
210045
210046
210065
210074
210075
210081
210085
210089
210090
210091
210104
210105
210108
210117
210140
210142
210149
210151
210157
210161
210163
210167
210180
210191
210193
210205
210207
210210
210220
210234
210235
210246
210252
210256
210257
210262
210263
210265
210269
210271
210272
210287
210297
210301
210317
210322
210323
210332
210345
210359
210365
210372
210375
210379
210383
210386
210389
210391
210397
210406
210407
210409
210418
210422
210429
210436
210438
210449
210454
210465
210466
210480
210483
210499
210501
210506
210539
210545
210564
210587
210592
210620
210629
210630
210641
210645
210648
210649
210654
210660
210676
210679
210680
210694
210710
210715
210719
210722
210723
210728
210731
210776
210789
210792
210798
210802
210805
210831
210846
210856
210857
210866
210882
210897
210901
210905
210907
210910
210911
210913
210918
210939
210940
210945
210946
210952
210956
210959
210962
210971
210972
210977
210991
210997
211005
211010
211013
211017
211024
211025
211031
211036
211039
211040
211041
211043
211046
211047
211051
211054
211061
211072
211087
211103
211135
211148
211153
211155
211156
211168
211177
211200
211206
211207
211208
211213
211215
211217
211220
211231
211232
211234
211238
211251
211253
211254
211255
211267
211269
211287
211295
211300
211302
211314
211315
211316
211318
211321
211338
211340
211343
211344
211352
211353
211354
211363
211368
211370
211380
211388
211418
211430
211434
211439
211453
211457
211463
211465
211469
211490
211499
211502
211516
211519
211524
211528
211533
211543
211550
211551
211562
211564
211566
211588
211593
211599
211602
211606
211615
211623
211628
211630
211632
211633
211636
211638
211655
211668
211676
211689
211696
211713
211722
211742
211743
211746
211748
211750
211769
211770
211776
211783
211786
211792
211797
211799
211822
211827
211830
211840
211848
211852
211856
211878
211884
211887
211889
211892
211895
211899
211901
211902
211905
211907
211908
211929
211938
211950
211962
211979
211982
211985
211989
211993
212001
212013
212021
212025
212028
212032
212051
212055
212061
212070
212079
212084
212094
212098
212108
212119
212127
212130
212151
212155
212156
212157
212162
212163
212176
212200
212202
212239
212251
212253
212261
212262
212287
212290
212305
212309
212311
212312
212316
212327
212344
212350
212370
212380
212386
212402
212405
212408
212428
212473
212477
212479
212493
212497
212515
212523
212537
212541
212548
212557
212563
212570
212574
212584
212585
212594
212597
212610
212632
212635
212639
212643
212654
212657
212661
212662
212663
212664
212678
212689
212703
212708
212725
212735
212736
212754
212765
212773
212778
212781
212782
212785
212789
212804
212811
212818
212819
212837
212839
212845
212855
212856
212877
212881
212887
212888
212892
212908
212909
212915
212917
212922
212925
212951
212958
212965
212968
212974
212979
212991
213014
213015
213021
213030
213032
213035
213040
213050
213052
213054
213061
213065
213066
213070
213072
213088
213099
213100
213101
213103
213113
213120
213124
213128
213131
213132
213144
213147
213161
213167
213170
213174
213186
213192
213195
213208
213214
213215
213231
213236
213239
213247
213253
213255
213262
213268
213269
213279
213282
213285
213324
213333
213339
213340
213346
213350
213351
213352
213356
213366
213371
213373
213378
213390
213391
213401
