62
87
92
174
224
237
260
278
286
290
378
702
714
834
1101
1136
1257
1299
1351
1410
1436
1547
1640
1820
1828
1835
1916
1921
1930
2018
2152
2153
2200
2549
2552
2593
2598
2614
2639
2698
2708
2716
2818
3132
3170
3204
3214
3216
3221
3225
3257
3262
3280
3300
3301
3320
3327
3342
3385
3402
3462
3491
3557
3605
3728
3741
3754
3770
4058
4229
4230
4258
4382
4434
4455
4459
4508
4515
4528
4556
4565
4609
4618
4621
4622
4647
4648
4668
4758
4765
4769
4785
4788
4800
4817
4837
5009
5056
5087
5089
5390
5392
5400
5404
5430
5482
5505
5507
5511
5523
5524
5550
5578
5606
5607
5615
5661
5739
5760
5786
6059
6128
6233
6300
6307
6400
6447
6498
6503
6505
6540
6580
6663
6682
6764
6774
6805
6807
6830
6855
6858
6917
6939
7004
7020
7029
7034
7106
7162
7181
7289
7337
7342
7387
7418
7438
7474
7532
7539
7540
7552
7562
7595
7597
7606
7613
7617
7628
7668
7693
7713
7720
7721
7772
7794
7819
7843
7849
7862
7896
8002
8008
8047
8053
8055
8075
8151
8280
8289
8326
8339
8364
8368
8374
8393
8399
8455
8462
8486
8595
8615
8631
8636
8637
8695
8717
8723
8778
8803
8855
8866
8878
8888
8893
8966
8990
9017
9032
9112
9125
9143
9146
9155
9178
9198
9226
9232
9241
9244
9253
9260
9268
9280
9287
9310
9312
9341
9342
9381
9411
9422
9457
9540
9583
9601
9621
9648
9657
9723
9729
9738
9794
9795
9821
9848
9885
9893
9908
9922
9934
9988
10003
10011
10022
10030
10036
10075
10111
10135
10217
10242
10292
10299
10310
10361
10423
10439
10697
10745
10778
10803
10929
10933
10965
10967
10970
11019
11090
11139
11142
11170
11172
11174
11178
11187
11272
11274
11320
11383
11432
11472
11492
11550
11714
11776
11835
11845
11913
11915
11921
12033
12035
12085
12129
12212
12355
12479
12491
12502
12556
12618
12637
12713
12714
12722
12732
12735
12741
12748
12779
12824
12859
12876
12926
12956
12963
12975
12993
13000
13012
13020
13044
13094
13097
13115
13119
13122
13150
13182
13188
13215
13272
13319
13329
13335
13354
13381
13424
13445
13460
13487
13490
13538
13576
13681
13728
13776
13807
13870
13896
13941
13984
14043
14061
14155
14174
14178
14188
14203
14204
14211
14237
14259
14282
14288
14315
14525
14551
14570
14589
14642
14813
14877
14907
14939
14969
14988
14989
15085
15128
15133
15214
15353
15372
15378
15391
15414
15461
15517
15544
15547
15562
15598
15600
15605
15606
15669
15692
15694
15702
15706
15723
15725
15738
15772
15796
15808
15830
15836
15932
16019
16024
16030
16044
16075
16089
16095
16156
16160
16171
16206
16242
16246
16265
16276
16284
16342
16350
16376
16390
16397
16486
16524
16553
16570
16735
16863
16880
17014
17113
17210
17222
17378
17408
17426
17444
17471
17473
17488
17492
17494
17537
17547
17563
17625
17639
17665
17709
17716
17726
17727
17747
17754
17830
17885
17887
17890
17898
17920
17922
17931
17978
18001
18002
18013
18015
18046
18053
18068
18103
18112
18125
18129
18178
18187
18196
18199
18218
18229
18230
18274
18351
18400
18403
18422
18450
18484
18486
18616
18647
18678
18682
18747
18809
18840
18859
18875
18883
18886
19016
19039
19054
19169
19171
19207
19257
19281
19332
19381
19399
19429
19447
19551
19679
19689
19754
19755
19782
19783
19806
19807
19869
19930
19990
20001
20015
20062
20077
20115
20119
20150
20161
20193
20326
20375
20485
20495
20546
20592
20612
20655
20677
20714
20722
20751
20759
20799
20900
20928
20963
21030
21042
21083
21140
21171
21183
21201
21211
21232
21245
21282
21333
21413
21453
21485
21523
21575
21632
21681
21700
21723
21743
21765
21774
21804
21808
21889
21928
22011
22023
22047
22080
22122
22298
22299
22302
22334
22356
22381
22413
22422
22423
22431
22442
22462
22518
22546
22548
22572
22573
22646
22772
22898
22908
22987
22995
23033
23074
23114
23169
23175
23201
23353
23367
23372
23379
23423
23465
23470
23487
23520
23523
23550
23563
23614
23620
23627
23630
23632
23641
23673
23674
23676
23679
23682
23688
23726
23748
23764
23775
23780
23838
23855
23858
23864
23872
23884
23888
23889
23893
23930
23943
23947
23951
23959
23969
24016
24064
24144
24157
24162
24173
24186
24187
24203
24204
24209
24211
24213
24226
24232
24251
24271
24313
24322
24324
24334
24427
24429
24466
24479
24481
24491
24508
24514
24522
24523
24528
24529
24530
24532
24536
24537
24554
24589
24592
24679
24689
24723
24739
24745
24753
24851
24864
24880
24916
24929
24940
24955
24961
24971
25003
25091
25117
25133
25139
25163
25182
25198
25248
25251
25309
25374
25385
25386
25400
25435
25455
25472
25482
25540
25615
25620
25668
25682
25694
25698
25914
25946
26106
26120
26133
26268
26272
26288
26301
26347
26464
26468
26505
26592
26609
26610
26615
26667
26709
27198
27216
27224
27232
27294
27330
27382
27425
27467
27471
27566
27632
27647
27733
27734
27750
27754
27789
27796
27817
27822
27837
27839
27843
27845
27859
27881
27901
27919
27924
27947
27951
27953
27964
27979
27996
28007
28008
28032
28053
28075
28086
28096
28107
28109
28111
28114
28124
28128
28130
28132
28133
28134
28140
28142
28145
28146
28154
28156
28158
28161
28165
28166
28169
28186
28188
28189
28191
28195
28197
28198
28201
28202
28209
28213
28229
28234
28235
28238
28246
28252
28255
28258
28263
28271
28276
28279
28287
28299
28300
28323
28329
28330
28334
28352
28360
28368
28398
28577
28591
28598
28605
28606
28610
28624
28639
28642
28653
28654
28656
28663
28666
28670
28683
28717
28792
28838
28907
28931
28953
28968
29003
29056
29070
29081
29084
29107
29119
29124
29129
29134
29140
29169
29170
29203
29286
29287
29314
29319
29357
29366
29396
29432
29442
29467
29479
29504
29505
29518
29571
29606
29624
29632
29676
29687
29768
29791
29852
29857
29918
30036
30041
30097
30217
30241
30272
30325
30362
30456
30496
30504
30536
30600
30619
30648
30764
30766
30781
30784
30892
30900
30925
30990
31027
31029
31034
31083
31148
31202
31214
31216
31246
31257
31270
31273
31313
31343
31349
31383
31394
31399
31424
31430
31452
31477
31500
31510
31577
31641
31725
31732
31797
31798
31894
31970
32003
32082
32097
32100
32160
32165
32167
32212
32248
32267
32299
32391
32397
32398
32402
32425
32448
32478
32490
32550
32621
32678
32703
32708
32806
32864
32867
33082
33247
33274
33402
33458
33480
33495
33531
33541
33570
33725
33728
33749
33835
33845
33916
33924
33988
34056
34086
34087
34170
34177
34209
34244
34279
34300
34305
34343
34347
34368
34388
34393
34422
34428
34432
34547
34549
34577
34606
34681
34700
34723
34756
34762
34790
34820
34927
34962
35000
35091
35145
35168
35179
35213
35223
35280
35283
35313
35314
35328
35348
35369
35434
35437
35444
35457
35491
35537
35585
35598
35617
35640
35654
35656
35661
35665
35676
35699
35709
35753
35811
35836
35847
35908
36086
36103
36116
36165
36198
36225
36263
36363
36369
36374
36394
36489
36515
36640
36730
36868
36873
36890
36891
36907
36912
36914
36920
36932
36951
36953
36968
36969
36986
37002
37016
37027
37030
37034
37035
37055
37063
37076
37098
37103
37109
37110
37125
37148
37154
37179
37199
37224
37228
37239
37266
37269
37271
37280
37288
37305
37313
37314
37316
37333
37363
37381
37387
37403
37414
37420
37425
37429
37453
37479
37482
37492
37497
37529
37542
37558
37582
37611
37613
37622
37662
37670
37673
37675
37678
37680
37698
37704
37705
37718
37724
37770
37776
37780
37790
37965
37976
38008
38031
38041
38067
38082
38090
38136
38148
38156
38172
38186
38197
38200
38207
38224
38264
38280
38281
38320
38322
38333
38442
38457
38466
38493
38515
38517
38526
38541
38571
38611
38623
38625
38634
38712
38713
38726
38767
38768
38771
38776
38778
38790
38805
38851
38858
38891
38896
38946
38965
38983
38987
39040
39049
39067
39153
39175
39176
39180
39184
39192
39221
39335
39347
39375
39384
39386
39397
39421
39458
39499
39521
39537
39542
39563
39568
39582
39598
39611
39618
39626
39642
39657
39679
39686
39716
39729
39806
39816
39823
39862
39878
39967
40041
40120
40128
40160
40165
40181
40217
40317
40350
40356
40382
40440
40470
40526
40542
40545
40630
40694
40850
40866
40911
40941
41000
41009
41028
41047
41073
41096
41114
41139
41255
41275
41327
41330
41364
41378
41379
41405
41435
41480
41490
41529
41564
41599
41617
41634
41651
41676
41710
41721
41732
41736
41737
41753
41798
41802
41809
41827
41937
41952
41959
41966
41974
41985
42031
42119
42201
42216
42235
42237
42300
42325
42330
42331
42337
42339
42411
42437
42473
42476
42498
42523
42525
42541
42649
42705
42739
42755
42841
42861
42896
42910
42947
42961
42962
42968
42977
42979
43037
43160
43197
43268
43278
43289
43297
43323
43357
43369
43377
43414
43451
43476
43495
43503
43531
43576
43648
43653
43656
43668
43709
43733
43809
43810
43833
43885
43959
43989
44024
44025
44065
44084
44134
44258
44297
44416
44513
44527
44549
44611
44629
44668
44682
44746
44749
44772
44863
44923
44964
44977
44992
44997
45015
45054
45117
45147
45152
45158
45170
45184
45194
45240
45284
45289
45298
45302
45312
45335
45348
45349
45410
45424
45528
45558
45561
45582
45587
45588
45589
45629
45642
45650
45658
45661
45667
45668
45684
45701
45705
45706
45722
45724
45735
45758
45769
45773
45775
45785
45786
45804
45845
45884
45899
45916
45937
45956
45996
46015
46038
46061
46167
46276
46280
46292
46300
46353
46408
46525
46539
46573
46616
46632
46650
46700
46939
46943
46962
46997
47002
47020
47057
47095
47119
47147
47158
47207
47217
47236
47251
47275
47318
47406
47408
47447
47481
47498
47523
47540
47541
47546
47551
47569
47582
47583
47589
47697
47720
47727
47748
47753
47764
47775
47787
47794
47869
47875
47895
47914
47949
47973
47989
47998
48024
48028
48084
48092
48101
48147
48152
48173
48190
48257
48266
48292
48297
48301
48303
48326
48345
48347
48355
48362
48390
48399
48413
48422
48424
48438
48453
48544
48550
48559
48586
48611
48641
48648
48654
48712
48722
48741
48761
48821
48825
48858
48927
48981
49028
49033
49037
49088
49110
49115
49121
49127
49134
49229
49322
49340
49344
49362
49368
49401
49425
49463
49472
49505
49532
49559
49581
49588
49605
49640
49690
49720
49770
49778
49780
49781
49787
49832
49855
49920
49931
49953
50009
50010
50012
50061
50242
50254
50295
50311
50326
50329
50340
50352
50377
50392
50401
50467
50471
50472
50474
50572
50579
50599
50629
50673
50710
50817
50823
50877
50886
50915
50916
50952
50959
50994
51001
51018
51044
51048
51074
51076
51083
51089
51095
51101
51178
51248
51263
51300
51324
51326
51331
51337
51391
51394
51395
51399
51478
51484
51519
51530
51540
51551
51555
51559
51569
51571
51580
51603
51681
51745
51747
51784
51790
51833
51847
51861
51900
51907
51918
51928
51942
51947
51972
51999
52000
52007
52009
52015
52060
52073
52183
52253
52273
52279
52280
52286
52320
52322
52341
52354
52356
52363
52372
52385
52401
52414
52424
52425
52454
52458
52465
52467
52468
52471
52486
52499
52510
52525
52527
52532
52539
52542
52544
52550
52551
52554
52557
52558
52559
52560
52565
52566
52579
52580
52601
52602
52603
52604
52611
52612
52613
52617
52630
52637
52650
52654
52655
52662
52666
52668
52674
52686
52687
52688
52694
52695
52699
52706
52708
52716
52721
52726
52739
52742
52744
52760
52770
52771
52786
52788
52794
52797
52807
52813
52814
52822
52828
52848
52851
52863
52873
52878
52888
52892
52901
52904
52909
52911
52925
52928
52932
52952
52956
52962
52966
52971
52973
52974
52977
52980
52981
52991
52998
52999
53005
53019
53020
53043
53045
53046
53047
53048
53052
53054
53055
53062
53065
53066
53080
53086
53087
53088
53089
53090
53094
53095
53102
53106
53107
53110
53115
53121
53123
53124
53127
53131
53134
53139
53140
53145
53160
53162
53165
53167
53172
53176
53180
53181
53184
53195
53196
53199
53206
53209
53211
53217
53218
53231
53234
53236
53238
53250
53274
53347
53349
53360
53407
53591
53612
53635
53636
53740
53766
53780
54086
54103
54113
54133
54364
54380
54483
54574
54588
54593
54600
54623
54661
54676
54688
54874
55039
55259
55270
55341
55352
55359
55366
55382
55405
55406
55410
55420
55427
55482
55492
55507
55535
55567
55581
55644
55653
55654
55666
55670
55685
55688
55701
55734
55769
55803
55805
55814
55818
55832
55834
55879
55943
55944
55947
56030
56056
56067
56099
56106
56123
56133
56157
56167
56172
56190
56204
56224
56229
56239
56246
56272
56282
56286
56293
56294
56307
56322
56340
56382
56430
56484
56525
56534
56655
56758
56786
56800
56882
56910
56931
56972
56974
57022
57050
57099
57111
57119
57127
57154
57164
57183
57197
57227
57256
57257
57265
57269
57276
57332
57365
57422
57424
57436
57456
57460
57469
57507
57624
57633
57704
57723
57777
57782
57811
57814
57844
57855
57860
57866
58002
58011
58110
58127
58138
58145
58171
58273
58291
58307
58322
58369
58376
58381
58389
58404
58430
58460
58474
58477
58482
58485
58487
58500
58504
58505
58507
58552
58587
58599
58601
58629
58631
58640
58650
58659
58668
58682
58689
58715
58717
58762
58765
58768
58791
58792
58807
58816
58820
58821
58868
58879
58893
58894
58895
58898
58906
58930
58940
58952
58963
58965
58967
58971
59027
59105
59112
59126
59127
59128
59155
59173
59185
59191
59196
59214
59239
59256
59278
59279
59282
59288
59365
59368
59371
59432
59460
59598
59605
59613
59626
59701
59702
59715
59760
59766
59780
59796
59813
59835
59842
59862
59886
59899
59956
59959
59970
60011
60022
60068
60082
60134
60144
60169
60171
60188
60191
60219
60240
60255
60257
60268
60319
60388
60426
60428
60488
60497
60502
60503
60530
60544
60602
60674
60707
60710
60718
60721
60771
60772
60793
60798
60876
60893
60917
60979
60989
61006
61031
61081
61084
61098
61102
61134
61135
61138
61150
61189
61200
61274
61297
61317
61349
61397
61399
61419
61430
61438
61440
61455
61461
61466
61468
61493
61508
61510
61552
61555
61568
61573
61577
61580
61582
61587
61588
61589
61591
61598
61599
61602
61604
61605
61642
61646
61650
61656
61659
61665
61666
61668
61688
61689
61696
61699
61700
61702
61704
61717
61721
61730
61732
61737
61743
61745
61748
61749
61750
61753
61758
61768
61784
61785
61792
61796
61797
61799
61805
61810
61812
61817
61823
61826
61827
61828
61832
61833
61838
61844
61845
61851
61862
61865
61873
61876
61893
61895
61900
61906
61910
61923
61924
61934
61935
61939
62000
62009
62040
62061
62068
62105
62161
62166
62183
62201
62206
62269
62336
62373
62416
62455
62484
62488
62513
62537
62563
62567
62622
62646
62695
62744
62809
62821
62824
62887
62955
62997
63018
63026
63027
63086
63131
63242
63270
63296
63298
63393
63414
63440
63452
63490
63494
63501
63502
63516
63526
63529
63631
63747
63771
63773
63774
63778
63784
63830
63859
63867
63874
63882
63886
63916
63928
63932
63969
63980
63981
64024
64029
64050
64063
64074
64096
64098
64104
64113
64124
64126
64128
64129
64208
64223
64228
64241
64255
64260
64271
64300
64313
64457
64475
64476
64478
131091
131111
131160
131178
131227
131259
131267
131274
131278
131285
131296
131303
131398
131442
131459
131477
131495
131530
131584
131603
131618
131627
131631
131642
131645
131658
131713
131743
131744
131745
131769
131775
131895
131896
131915
131916
131918
131920
131923
131937
131942
131952
131954
132004
132046
132054
132097
132113
132115
132116
132123
132137
132146
132164
132165
132169
132173
132196
132203
132205
132255
132323
132330
132331
132337
132347
132352
132372
132386
132389
132405
132445
132449
132454
132476
132497
132518
132531
132535
132543
132556
132563
132566
132570
132579
132602
132637
132641
132649
132653
132665
132669
132683
132692
132708
132722
132734
132751
132752
132761
132764
132774
132808
132870
132884
132890
132894
132895
132932
132933
132934
132947
132956
132958
132960
132972
132988
133000
133001
133066
133070
133077
133089
133114
133120
133130
133155
133164
133192
133210
133232
133234
133235
133243
133250
133255
133269
133275
133278
133287
133289
133296
133298
133300
133301
133309
133317
133326
133334
133339
133352
133354
133372
133374
133399
133410
133421
133441
133492
133493
133543
133579
133589
133590
133593
133597
133606
133613
133616
133638
133641
133645
133647
133652
133660
133661
133664
133676
133679
133680
133684
133685
133691
133695
133713
133720
133724
133731
133736
133800
133803
133812
133815
133817
133829
133832
133838
133840
133846
133865
133915
133926
133934
133967
133968
133971
133986
133989
134000
134001
134005
134006
134008
134013
134014
134021
134022
134026
134033
134041
134053
134065
134088
134098
134139
134143
134148
134149
134152
134171
134177
134204
134220
134232
134241
134257
134258
134274
134280
134287
134305
134308
134312
134316
134319
134325
134326
134331
134337
134340
134341
134371
134375
134382
134409
134428
134433
134478
134489
134522
134555
134595
134612
134622
134630
134648
134651
134655
134658
134672
134674
134676
134707
134732
134739
134750
134813
134823
134832
134841
134858
134861
134863
134868
134874
134875
134877
134879
134883
134884
134885
134886
134899
134911
134929
134937
134939
134942
134944
134945
134946
134990
134993
135003
135004
135019
135030
135031
135043
135060
135098
135103
135126
135130
135131
135158
135171
135183
135192
135206
135207
135208
135214
135217
135218
135219
135223
135227
135232
135237
135239
135244
135253
135258
135259
135262
135278
135300
135345
135354
135356
135360
135371
135373
135375
135376
135377
135378
135395
135407
135419
135420
135422
135459
135477
135484
135513
135526
135542
135543
135553
135589
135605
135610
135636
135685
135686
135688
135693
135697
135705
135718
135721
135722
135724
135725
135729
135735
135739
135742
135746
135755
135761
135766
135777
135781
135782
135793
135795
135801
135802
135806
135808
135809
135810
135817
135824
135826
135831
135834
135842
135843
135844
135848
135849
135851
135852
135872
135945
135964
136019
136065
136078
136088
136093
136105
136106
136121
136156
136168
136175
136176
136230
136255
136272
136280
136284
136286
136289
136300
136303
136305
136306
136308
136311
136322
136323
136334
136336
136338
136354
136355
136358
136360
136362
136364
136373
136377
136380
136431
136462
136479
136499
136515
136523
136525
136533
136552
136558
136612
136626
136636
136639
136642
136643
136645
136665
136668
136670
136674
136677
136678
136684
136696
136700
136714
136716
136721
136722
136724
136749
136750
136763
136779
136786
136792
136800
136823
136824
136838
136861
136865
136873
136874
136879
136885
136902
136907
136917
136933
136946
136964
136968
136982
136990
136993
137000
137016
137042
137048
137079
137083
137090
137095
137098
137099
137102
137109
137121
137128
137135
137139
137140
137142
137144
137150
137154
137157
137159
137163
137164
137166
137174
137179
137199
137236
137251
137256
137260
137306
137329
137331
137351
137363
137378
137385
137399
137403
137410
137425
137439
137443
137445
137449
137491
137496
137498
137509
137510
137531
137548
137549
137557
137575
137580
137594
137601
137645
137650
137653
137654
137659
137667
137678
137681
137682
137703
137818
137840
137851
137871
137877
137930
137935
137936
137940
137951
137952
137959
137967
137989
137991
138032
138033
138038
138039
138056
138064
138068
138069
138074
138077
138080
138089
138100
138109
138118
138119
138123
138130
138132
138134
138135
138139
138141
138143
138147
138168
138181
138211
138221
138222
138225
138228
138252
138254
138259
138260
138262
138276
138279
138283
138290
138296
138302
138312
138317
138322
138333
138339
138343
138359
138362
138364
138368
138379
138418
138428
138431
138432
138435
138456
138460
138482
138510
138511
138527
138534
138536
138543
138544
138561
138570
138585
138608
138637
138647
138649
138655
138701
138711
138712
138717
138731
138734
138737
138741
138746
138754
138764
138768
138771
138787
138788
138794
138797
138800
138818
138822
138823
138828
138838
138840
138842
138847
138852
138854
138860
138876
138881
138886
138887
138912
138914
138915
138917
138919
138926
138953
138988
139009
139042
139058
139075
139088
139197
139213
139248
139299
139300
139302
139311
139317
139325
139331
139341
139351
139358
139370
139378
139379
139404
139405
139409
139418
139421
139425
139427
139428
139464
139485
139490
139508
139514
139518
139521
139543
139551
139552
139565
139575
139600
139601
139618
139619
139623
139628
139648
139653
139667
139675
139704
139735
139741
139752
139766
139771
139786
139831
139836
139838
139870
139872
139901
139904
139924
139931
139941
139946
139947
139952
139955
139967
139972
139975
139977
139978
139981
139983
139989
139995
139997
140007
140012
140015
140072
140080
140112
140119
140122
140125
140129
140131
140134
140135
140148
140151
140158
140159
140168
140177
140189
140195
140204
140242
140243
140269
140287
140385
140390
140405
140407
140423
140435
140442
140443
140454
140457
140469
140470
140475
140479
140586
140593
140608
140627
140641
140678
140681
140731
140867
140884
140894
140900
140909
140933
140936
140938
140951
140961
140974
140984
141011
141014
141039
141047
141048
141049
141064
141065
141077
141082
141091
141098
141105
141114
141120
141123
141134
141137
141145
141152
141173
141177
141209
141241
141261
141265
141266
141280
141285
141309
141322
141329
141334
141337
141342
141347
141371
141373
141389
141415
141419
141444
141461
141480
141493
141510
141529
141536
141539
141540
141550
141552
141574
141588
141596
141600
141607
141618
141626
141628
141642
141645
141660
141664
141671
141673
141677
141688
141694
141709
141711
141717
141778
141798
141804
141806
141823
141834
141840
141846
141848
141898
141907
141909
141939
141947
141949
141978
141985
141988
142000
142014
142030
142044
142049
142271
142289
142294
142310
142325
142328
142335
142347
142348
142352
142354
142364
142369
142374
142375
142381
142398
142401
142412
142419
142426
142439
142453
142466
142487
142488
142506
142509
142512
142524
142554
142558
142559
142582
142614
142631
146834
146846
146872
146887
146890
146908
146914
146919
146944
146958
146988
147007
147018
147028
147029
147039
147049
147059
147100
147102
147106
147107
147118
147124
147131
147133
147154
147179
147192
147201
147206
147210
147224
147256
147269
147295
148968
148971
148976
148999
149035
149186
149240
149248
149251
149299
149409
149510
196714
196729
196735
196753
196755
196922
196925
196957
196997
197033
197091
197099
197186
197204
197307
197430
197440
197447
197482
197518
197615
197727
197869
197890
197892
197965
198090
198126
198249
198356
198371
198380
198385
198399
198408
198426
198529
198539
198551
198579
198611
198651
198682
198754
198766
198818
198891
198930
198948
199042
199101
199213
199221
199236
199244
199250
199284
199298
199332
199335
199356
199362
199468
199481
199484
199496
199503
199536
199544
199562
199585
199645
199665
199669
199775
199805
199860
199976
199978
199987
199995
200005
200052
200062
200070
200083
200089
200154
200155
200185
200273
200278
200303
200334
200409
200462
200507
200509
200516
200539
200600
200623
200675
200735
200738
200751
200781
200799
200807
200845
200899
200921
200924
200970
200976
201031
201068
201078
201081
201102
201106
201122
201173
201178
201193
201198
201213
201290
201314
201329
201333
201401
201473
201502
201503
201548
201553
201754
201764
201776
201789
201806
201811
201825
201933
201942
201962
201997
202004
202032
202069
202103
202120
202140
202146
202193
202257
202306
202322
202359
202409
202479
202505
202539
202709
202766
202771
202796
202806
202812
202867
202895
202896
202918
202954
202976
203038
203089
203112
203146
203164
203165
203180
203201
203212
203231
203329
203352
203389
203409
203416
203478
203501
203520
203547
203568
203570
203582
203591
203596
203605
203649
203679
203724
203735
203744
203779
203821
203885
203900
203921
203936
203969
203980
204006
204038
204059
204120
204180
204188
204196
204207
204254
204313
204326
204331
204345
204355
204373
204457
204482
204543
204576
204624
204631
204679
204704
204720
204793
204854
204873
204880
204947
204971
204995
205036
205058
205086
205093
205099
205112
205152
205275
205298
205323
205330
205371
205375
205381
205385
205388
205413
205427
205460
205483
205532
205537
205555
205569
205572
205591
205603
205668
205673
205718
205741
205777
205790
205800
205806
205811
205843
205847
205891
205908
205909
205917
205984
205985
205988
205998
206052
206073
206102
206173
206182
206215
206239
206281
206313
206332
206356
206373
206384
206389
206446
206471
206479
206499
206529
206548
206569
206611
206616
206650
206652
206655
206693
206701
206813
206819
206919
206924
206988
206999
207028
207036
207083
207097
207111
207151
207187
207192
207199
207251
207252
207268
207295
207301
207306
207310
207328
207353
207366
207401
207414
207419
207427
207429
207439
207459
207466
207484
207534
207540
207563
207568
207590
207594
207597
207599
207606
207609
207613
207656
207701
207715
207764
207778
207790
207800
207803
207871
207934
207936
207963
207992
208031
208059
208060
208070
208108
208147
208154
208169
208196
208206
208258
208266
208287
208309
208332
208364
208393
208394
208464
208477
208478
208498
208565
208626
208709
208722
208753
208766
208814
208905
208972
208976
208992
209018
209086
209097
209102
209109
209116
209141
209150
209181
209199
209218
209240
209275
209295
209297
209306
209307
209334
209349
209371
209505
209529
209591
209669
209673
209680
209735
209784
209808
209994
210017
210030
210129
210162
210234
210256
210278
210311
210312
210320
210337
210350
210397
210435
210461
210477
210522
210529
210537
210570
210576
210623
210633
210644
210674
210707
210714
210810
210815
210826
210847
210851
210872
210881
210887
210903
210916
210925
210966
210974
211042
211057
211066
211083
211084
211091
211139
211174
211227
211244
211272
211337
211350
211352
211358
211360
211392
211405
211427
211431
211448
211459
211481
211484
211486
211498
211507
211521
211522
211553
211557
211562
211581
211584
211597
211684
211693
211713
211715
211738
211747
211750
211757
211785
211786
211790
211869
211874
211880
211917
211947
211960
212008
212022
212037
212057
212100
212124
212175
212236
212279
212342
212372
212417
212425
212448
212454
212477
212487
212504
212510
212539
212559
212577
212580
212582
212583
212602
212608
212623
212688
212705
212708
212721
212728
212744
212755
212767
212781
212793
212799
212815
212816
212844
212850
212895
212921
212983
212987
212997
213001
213018
213027
213035
213042
213045
213078
213089
213136
213163
213167
213169
213230
213247
213248
213261
213268
213273
213281
213319
213339
213366
213377
213392
213402
262145
262159
262167
262187
262195
262206
262208
262218
262231
262237
262239
262268
262288
262296
262299
262300
262302
262304
262307
262316
262327
262328
262333
262336
262338
262343
262346
262352
262353
262355
262357
262375
262380
262381
262387
262389
262393
262394
262404
262408
262416
262421
262426
262427
262428
262435
262437
262444
262456
262457
262458
262460
262462
262470
262474
262478
262483
262489
262490
262491
262492
262493
262496
262505
262514
262517
262523
262535
262539
262546
262549
262565
262569
262574
262578
262587
262588
262589
262590
262591
262594
262595
262596
262605
262610
262611
262612
262614
262617
262625
262634
262638
262643
262644
262645
262650
262653
262666
262672
262674
262681
262683
262685
262688
262689
262691
262704
262713
262719
262721
262740
262741
262745
262760
262765
262767
262773
262777
262785
262790
262794
262808
262813
262815
262818
262821
262822
262827
262833
262834
262851
262856
262862
262865
262872
262874
262880
262887
262888
262892
262893
262895
262896
262900
262903
262906
262907
262928
262931
262934
262940
262946
262966
262968
262977
262978
262979
262983
262993
262995
262999
263002
263003
263009
263018
263020
263024
263025
263026
263033
263043
263047
263048
263049
263053
263055
263067
263070
263073
263077
263080
263081
263084
263086
263087
263096
263097
263102
263103
263120
263129
263135
263137
263139
263142
263144
263145
263146
263152
263153
263155
263165
263189
263196
263224
263237
263242
263244
263245
263258
263262
263268
263269
263270
263271
263283
263289
263295
263297
263309
263311
263314
263321
263324
263327
263329
263332
263338
263349
263361
263362
263368
263373
263374
263383
263390
263394
263400
263405
263411
263415
263419
263423
263433
263437
263443
263450
263459
263461
263462
263464
263470
263472
263478
263480
263483
263484
263495
263503
263509
263518
263520
263522
263523
263525
263526
263527
263544
263546
263548
263553
263555
263558
263563
263566
263572
263573
263581
263582
263583
263585
263587
263601
263606
263608
263616
263617
263619
263624
263625
263626
263628
263629
263634
263644
263647
263648
263649
263650
263651
263655
263661
263665
263674
263675
263687
263702
263713
263717
263725
263726
263728
263732
263737
263750
263754
263756
263762
263763
263766
263769
263774
263789
263791
263809
263812
263814
263840
263845
263852
263856
263877
263880
263905
263907
263912
263915
263917
263920
263925
263940
263945
263947
263959
263963
263967
263968
263971
263978
263982
263985
263990
263995
263998
264002
264009
264010
264014
264020
264022
264023
264030
264047
264051
264054
264062
264067
264069
264071
264073
264075
264083
264084
264096
264100
264112
264114
264116
264119
264120
264129
264135
264138
264144
264147
264153
264158
264159
264163
264169
264170
264186
264195
264196
264200
264201
264202
264206
264212
264215
264220
264223
264224
264228
264233
264242
264245
264247
264259
264279
264284
264288
264290
264293
264297
264300
264308
264311
264331
264332
264342
264344
264349
264352
264354
264367
264382
264386
264391
264404
264406
264409
264415
264420
264422
264424
264425
264429
264437
264444
264446
264450
264453
264460
264461
264464
264479
264486
264490
264492
264496
264498
264502
264510
264525
264528
264538
264555
264556
264565
264566
264567
264570
264574
264580
264592
264596
264598
264606
264615
264629
264630
264631
264637
264641
264646
264660
264680
264681
264731
264744
264750
264754
264773
264783
264785
264797
264806
264811
264814
264815
264827
264830
264832
264836
264838
264847
264854
264861
264863
264872
264873
264877
264880
264887
264893
264897
264906
264913
264920
264921
264927
264929
264939
264941
264948
264949
264955
264957
264958
264960
264961
264962
264963
264969
264976
264983
264991
264997
265008
265013
265016
265018
265019
265022
265029
265030
265032
265038
265043
265051
265053
265058
265061
265063
265066
265074
265075
265080
265093
265098
265106
265111
265113
265123
265126
265131
265135
265141
265143
265144
265147
265171
265178
265181
265184
265187
265188
265189
265194
265207
265214
265219
265222
265229
265232
265234
265238
265241
265246
265255
265260
265263
265269
265271
265272
265274
265277
265279
265282
265290
265295
265303
265308
265311
265315
265317
265327
265330
265336
265338
265341
265348
265349
265354
265356
265363
265377
265378
265391
265392
265395
265397
265398
265400
265404
265412
265417
265421
265427
265429
265436
265437
265438
265442
265445
265446
265464
265475
265478
265484
265489
265495
265496
265530
265540
265579
265587
265629
265630
265632
265634
265644
265654
265662
265663
265684
265688
265735
265757
265768
265777
265780
265781
265799
265801
265816
265817
265830
265851
265853
265858
265867
265871
265886
265890
265914
265917
265932
265933
265936
265937
265943
265944
265949
265950
265954
265968
265974
265975
265983
265984
265986
265999
266006
266009
266011
266020
266028
266034
266037
266038
266039
266042
266044
266047
266050
266053
266054
266058
266059
266063
266066
266076
266083
266087
266088
266092
266101
266114
266121
266129
266130
266137
266139
266142
266143
266147
266152
266154
266156
266166
266168
266177
266178
266181
266188
266192
266196
266197
266201
266215
266233
266240
266248
266250
266254
266260
266261
266266
266269
266275
266302
266303
266312
266317
266322
266332
266341
266344
266354
266355
266357
266360
266366
266368
266374
266385
266387
266390
266399
266400
266406
266410
266413
266420
266434
266437
266438
266439
266441
266444
266445
266448
266449
266454
266460
266470
266471
266475
266496
266498
266502
266523
266535
266536
266541
266551
266552
266553
266554
266566
266568
266571
266574
266583
266584
266592
266598
266606
266608
266610
266636
266640
266646
266652
266664
266668
266706
266713
266732
266755
266765
266769
266771
266776
266790
266801
266809
266811
266816
266818
266830
266840
266844
266847
266857
266866
266883
266894
266901
266904
266914
266915
266920
266923
266925
266926
266931
266933
266934
266941
266951
266961
266965
266968
266972
266977
266978
266979
266992
266995
266998
267012
267016
267026
267055
267058
267059
267067
267070
267076
267077
267078
267083
267086
267091
267101
267106
267121
267124
267129
267133
267134
267135
267138
267141
267150
267170
267181
267185
267188
267189
267192
267197
267201
267202
267203
267209
267231
267232
267242
267248
267251
267264
267273
267274
267278
267279
267280
267282
267289
267294
267299
267300
267313
267318
267322
267326
267329
267331
267332
267334
267335
267343
267348
267351
267363
267366
267373
267375
267390
267396
267397
267398
267405
267410
267420
267425
267426
267427
267429
267442
267443
267446
267451
267456
267458
267460
267462
267466
267467
267469
267470
267474
267478
267492
267501
267508
267521
267522
267530
267540
267543
267546
267548
267551
267552
267562
267575
267585
267586
267589
267590
267594
267610
267613
267614
267619
267621
267624
267629
267635
267640
267641
267650
267670
267679
267684
267685
267699
267700
267745
267749
267756
267757
267775
267790
267798
267801
267831
267837
267846
267885
267890
267894
267904
267934
267948
267953
267961
267983
267986
268011
268013
268028
268037
268038
268054
268069
268077
268084
268106
268160
268183
268196
268206
268207
268222
268225
268232
268234
268235
268239
268253
268264
268276
268289
268297
268311
268320
268321
268323
268331
268337
268345
268354
268355
268364
268377
268381
268390
268400
268417
268418
268421
268426
268430
268432
268434
268452
268456
268467
268471
268485
268501
268512
268518
268521
268525
268528
268539
268540
268547
268550
268551
268560
268563
268577
268581
268585
268593
268596
268597
268608
268609
268611
268617
268619
268625
268628
268637
268655
268658
268659
268661
268666
268668
268670
268726
268773
268779
268787
268795
268801
268811
268818
268819
268824
268829
268862
268866
268870
268872
268878
268883
268886
268887
268895
268904
268931
268935
268953
268955
268959
268960
268962
268982
268991
268992
269003
269008
269014
269017
269032
269036
269037
269040
269047
269053
269061
269076
269091
269094
269096
269110
269137
269141
269146
269161
269163
269175
269179
269182
269197
269208
269212
269243
269246
269253
269254
269258
269261
269292
269299
269326
269342
269347
269349
269350
269354
269360
269366
269391
269416
269423
269425
269432
269435
269439
269457
269479
269491
269497
269499
269502
269506
269509
269512
269529
269531
269532
269553
269558
269563
269570
269574
269575
269587
269590
269595
269609
269618
269627
269641
269646
269650
269657
269659
269670
269671
269679
269687
269730
269745
269749
269758
269783
269806
269827
269828
269832
269853
269876
269894
269898
269931
269938
269946
270014
270024
270052
270068
270071
270081
270099
270108
270143
270252
270253
270266
270270
270271
270288
270292
270293
270333
270340
270353
270358
270364
270368
270393
270394
270403
270413
270417
270438
270442
270451
270483
270511
270512
270522
270548
270551
270559
270573
270584
270587
270594
270599
270602
270608
270621
270623
270628
270630
270635
270639
270643
270646
270653
270672
270680
270682
270690
270701
270707
270717
270729
270730
270749
270764
270774
270776
270779
270783
270784
270804
270810
270814
270816
270821
270831
270838
270849
270853
270857
270863
270880
270890
270894
270928
270935
270949
270951
270953
270956
270960
270961
270991
270997
270999
271010
271011
271014
271053
271065
271069
271101
271125
271128
271158
271169
271177
271181
271184
271185
271190
271192
271201
271208
271220
271237
271240
271242
271247
271255
271259
271272
271285
271289
271291
271327
271328
271335
271336
271350
271367
271375
271385
271388
271409
271414
271417
271486
271492
271541
271557
271571
271578
271588
271609
271645
271689
271700
271727
271760
271761
271773
271795
271799
271803
271806
271812
271822
271869
271874
271915
271933
272018
272043
272176
272191
272213
272438
272542
327693
327698
327716
327719
327732
327733
327737
327745
327761
327767
327782
327788
327790
327795
327804
327805
327812
327814
327859
327872
327880
327885
327887
327892
327900
327901
327908
327909
327960
327962
327966
327979
327981
327982
327991
328001
328006
328009
328013
328015
328019
328024
328037
328041
328043
328045
328049
328051
328068
328074
328082
328086
328091
328112
328114
328126
328137
328144
328162
328167
328178
328199
328209
328216
328220
328232
328242
328246
328255
328266
328267
328285
328315
328317
328323
328327
328335
328336
328341
328350
328351
328373
328381
328383
328400
328421
328426
328431
328434
328441
328446
328455
328457
328467
328468
328473
328474
328475
328476
328483
328501
328522
328526
328538
328548
328561
328562
328572
328575
328576
328578
328585
328596
328611
328619
328633
328638
328661
328677
328706
328732
328733
328735
328747
328748
328750
328772
328787
328790
328802
328808
328812
328819
328820
328825
328832
328840
328856
328884
328887
329035
393292
393417
393445
393455
393457
393629
393648
393670
393737
393880
393949
393950
394065
394117
394140
394163
394177
394180
394255
394256
394280
394285
394308
394333
394414
394434
394437
394514
394625
394642
394676
394710
394738
394743
394893
394907
395040
395126
395152
395301
395358
395378
395439
395466
395470
395478
395502
395505
395561
395567
395646
395651
395664
395719
395768
395823
395853
395880
395894
396095
396180
396219
396238
396303
396304
396472
396503
396507
396855
396919
396951
396970
396998
397026
397031
397071
397081
397131
397143
397156
397525
397545
397553
397666
397805
397806
397983
398065
398113
398131
398334
398395
398565
398646
398704
398717
398835
398868
399084
399100
399105
399111
399134
399192
399196
399200
399206
399240
399273
399306
399348
399486
399489
399728
399760
399971
400032
400200
400202
400245
400312
400402
400442
400497
