137
286
553
1403
2593
2597
2598
2914
3214
3280
3303
3333
4842
4901
5392
5394
6233
6882
6908
6939
8283
9312
12307
12445
12637
12779
12835
16004
16796
20205
20912
20965
21320
23738
23858
24013
24550
24796
25309
28186
28657
29484
31451
31463
32097
34615
34681
34800
34878
34927
35908
36236
36828
37271
37474
37989
39120
39533
41018
41327
43369
46997
47422
47950
48276
48292
48550
49037
49134
49475
49605
50236
50629
50877
52091
54574
56662
56911
57118
57463
57695
58057
59414
59715
59783
59891
59919
60772
60983
61218
62184
62240
62805
63027
64271
131477
131642
134666
134823
135395
137410
137490
138211
139317
139328
139589
140731
197075
198068
198349
198644
199036
199422
201333
202032
202039
202297
202365
202409
202479
203478
204028
204345
204438
204625
205036
205058
205112
205413
205590
205591
205593
205603
205610
205908
206064
206313
206479
206499
207149
207268
207740
208976
209022
209306
209557
209650
209778
210025
210283
213262
213361
263516
